100;4312
22;43
40
0;1;2120
0;2;1140
0;9;2790
0;10;2990
0;11;700
0;15;2840
0;17;2350
0;18;1200
0;19;1780
0;24;1770
0;28;1240
0;32;2580
0;33;1970
0;35;2600
0;36;1350
0;37;2540
0;38;1110
0;39;960
0;40;2640
0;42;2550
0;43;210
0;44;1830
0;45;2700
0;46;1270
0;47;1490
0;48;1010
0;52;2900
0;56;2850
0;57;1590
0;60;1040
0;61;1410
0;64;2800
0;66;250
0;69;1560
0;70;1450
0;72;2910
0;73;1180
0;76;1230
0;78;2410
0;79;2290
0;81;1350
0;82;1380
0;85;1120
0;86;1620
0;87;2210
0;89;2400
0;93;2290
0;96;490
0;97;1130
0;99;2740
1;0;2120
1;2;2640
1;4;1150
1;6;1750
1;8;2020
1;10;880
1;11;1520
1;15;780
1;17;2120
1;19;2690
1;25;1480
1;28;2980
1;29;2990
1;32;450
1;38;2850
1;39;2360
1;42;1150
1;43;2000
1;46;2790
1;49;2040
1;53;1950
1;56;720
1;57;2220
1;61;1200
1;63;2080
1;66;2030
1;67;1840
1;68;2950
1;69;620
1;70;1720
1;72;2310
1;76;1230
1;77;1160
1;79;550
1;85;1830
1;86;590
1;92;2010
1;94;1880
1;96;2610
1;97;1000
1;99;620
2;0;1140
2;1;2640
2;4;1760
2;9;1730
2;11;1680
2;13;2320
2;14;2930
2;17;1790
2;18;1210
2;21;1740
2;23;2660
2;24;970
2;26;2560
2;27;2600
2;28;2200
2;31;2220
2;33;1630
2;36;2110
2;37;1570
2;38;2090
2;39;280
2;42;2550
2;43;1340
2;46;2320
2;48;940
2;50;2250
2;52;2480
2;53;700
2;57;870
2;58;2550
2;60;1220
2;61;2380
2;68;2960
2;69;2030
2;70;1130
2;71;2220
2;73;1110
2;75;2440
2;76;1420
2;78;1270
2;81;2330
2;82;400
2;85;2240
2;87;1140
2;89;1340
2;91;2630
2;92;1130
2;93;1330
2;96;1040
2;97;1840
3;7;1860
3;8;2200
3;9;2820
3;14;2160
3;16;680
3;20;2310
3;22;290
3;23;2450
3;27;2500
3;29;1250
3;30;130
3;33;2960
3;34;2140
3;41;190
3;42;2990
3;45;2630
3;51;1610
3;52;2120
3;54;10
3;55;1090
3;59;890
3;62;2080
3;63;2180
3;64;2740
3;68;1320
3;72;2020
3;74;190
3;75;1770
3;80;1320
3;83;340
3;90;1450
3;95;690
3;98;1460
4;0;1760
4;1;1150
4;2;1760
4;5;1890
4;11;1520
4;17;1010
4;18;600
4;19;1600
4;20;1740
4;21;2750
4;24;2730
4;28;2940
4;29;2390
4;32;1440
4;33;540
4;35;2900
4;37;1870
4;39;1510
4;42;820
4;44;1950
4;45;1980
4;46;2860
4;47;1120
4;48;2460
4;51;2140
4;52;1260
4;53;1180
4;55;2280
4;59;2710
4;60;2640
4;61;1740
4;63;1710
4;64;2190
4;66;1810
4;67;2590
4;68;2070
4;69;740
4;70;650
4;72;1370
4;73;2650
4;75;2020
4;77;1530
4;78;2530
4;79;1680
4;80;2090
4;84;2130
4;85;2130
4;86;690
4;87;2710
4;88;2450
4;89;2010
4;90;2560
4;92;880
4;94;2630
4;95;2860
4;96;2150
4;99;1630
5;1;2980
5;2;2280
5;7;1340
5;8;1810
5;13;2500
5;14;1300
5;15;2950
5;16;1330
5;17;870
5;18;2050
5;19;1520
5;20;2050
5;23;1310
5;24;2910
5;25;2090
5;26;2750
5;27;1310
5;29;1690
5;30;1920
5;31;2210
5;33;1360
5;34;1410
5;37;850
5;39;2240
5;40;2940
5;41;2050
5;42;1990
5;44;1810
5;45;760
5;50;2510
5;51;330
5;52;1070
5;53;2290
5;55;1020
5;57;1500
5;58;2030
5;59;1060
5;62;1330
5;64;950
5;65;1390
5;68;840
5;69;2640
5;71;2760
5;72;790
5;74;1800
5;75;170
5;76;2210
5;77;2730
5;80;1230
5;82;2480
5;83;1810
5;87;2420
5;88;1580
5;89;1210
5;92;1390
5;93;2820
5;95;1260
5;98;1390
6;4;2530
6;15;1070
6;20;1890
6;25;1690
6;29;2910
6;32;1300
6;33;2880
6;36;2580
6;42;1880
6;49;1010
6;52;2710
6;56;1030
6;61;2830
6;67;100
6;69;2330
6;72;2990
6;76;2850
6;77;1070
6;79;1780
6;84;1060
6;86;2270
6;94;140
6;97;2750
6;99;1140
7;3;1860
7;5;1340
7;8;2950
7;9;1460
7;12;1090
7;13;2250
7;16;1690
7;17;2200
7;19;2420
7;22;1980
7;23;680
7;26;2410
7;30;1940
7;33;2680
7;34;280
7;35;2530
7;37;1640
7;44;2540
7;45;1480
7;51;1170
7;52;2330
7;54;1860
7;55;1690
7;57;2610
7;58;1540
7;59;1210
7;62;240
7;64;1420
7;65;1180
7;68;1700
7;70;2930
7;71;2620
7;74;1850
7;75;1230
7;78;2310
7;83;1550
7;87;2830
7;88;2250
7;89;1850
7;90;790
7;91;2490
7;92;2600
7;95;1320
7;98;420
8;1;2020
8;3;2200
8;4;1610
8;5;1810
8;6;2080
8;9;2750
8;10;2120
8;15;1560
8;16;1630
8;17;1480
8;18;2180
8;19;2670
8;20;230
8;25;550
8;29;970
8;32;1890
8;33;1530
8;36;2630
8;41;2160
8;42;910
8;45;2430
8;47;2450
8;49;1270
8;54;2220
8;55;1350
8;56;1950
8;57;2310
8;59;1920
8;63;100
8;64;2660
8;65;2230
8;67;2070
8;69;2100
8;70;2060
8;72;1060
8;74;2010
8;75;1820
8;77;1160
8;83;2370
8;84;1110
8;86;2020
8;88;1120
8;89;2740
8;90;2160
8;92;2040
8;94;2100
8;95;1970
8;98;2790
8;99;1980
9;0;2790
9;2;1730
9;3;2820
9;4;2250
9;7;1460
9;12;2320
9;13;1490
9;14;1190
9;16;2320
9;17;1400
9;18;2110
9;19;1000
9;20;2990
9;24;2070
9;25;2910
9;26;1750
9;29;2730
9;31;1210
9;33;1740
9;34;1330
9;35;1290
9;39;1830
9;40;1930
9;42;2670
9;43;2950
9;44;1080
9;45;320
9;50;1480
9;52;1950
9;53;2060
9;54;2830
9;58;1180
9;60;2900
9;62;1280
9;63;2830
9;65;2170
9;69;2920
9;71;1720
9;72;1690
9;73;2720
9;74;2730
9;75;1150
9;76;2330
9;78;950
9;80;2270
9;82;1780
9;86;2890
9;87;1470
9;88;2620
9;89;390
9;90;1370
9;91;1850
9;92;1420
9;93;1860
9;96;2780
9;98;1770
10;0;2990
10;1;880
10;4;1900
10;6;950
10;8;2120
10;11;2350
10;15;580
10;18;2320
10;25;1590
10;32;460
10;33;2360
10;36;1660
10;42;1520
10;43;2860
10;47;1490
10;49;1580
10;52;2510
10;53;2830
10;56;210
10;63;2140
10;66;2880
10;69;1500
10;70;2530
10;72;2760
10;76;2090
10;77;970
10;79;830
10;84;1500
10;86;1460
10;92;2780
10;97;1860
10;99;270
11;0;700
11;1;1520
11;2;1680
11;4;1520
11;17;2370
11;18;1150
11;19;2160
11;21;1470
11;24;2440
11;25;2670
11;32;1970
11;33;1910
11;36;690
11;37;2830
11;38;1350
11;39;1440
11;43;520
11;44;2310
11;45;2980
11;46;1360
11;47;860
11;52;2780
11;53;1090
11;56;2230
11;57;1820
11;61;720
11;66;530
11;69;1050
11;70;1500
11;72;2850
11;73;1880
11;76;1030
11;77;2600
11;78;2930
11;79;1610
11;82;2000
11;85;660
11;86;1130
11;89;2770
11;92;1820
11;93;2950
11;97;540
12;3;840
12;5;1670
12;7;1090
12;8;2630
12;9;2320
12;16;1020
12;17;2480
12;20;2790
12;22;900
12;23;1740
12;27;1800
12;30;950
12;33;2950
12;37;2350
12;41;1040
12;51;1350
12;52;2270
12;54;840
12;55;1290
12;58;2630
12;59;740
12;62;1330
12;63;2640
12;64;2250
12;68;1440
12;72;2080
12;74;910
12;75;1500
12;83;500
12;88;1630
12;89;2650
12;90;1000
12;98;670
13;2;2320
13;5;2500
13;7;2250
13;9;1490
13;14;1910
13;17;2850
13;19;1970
13;23;1590
13;26;270
13;31;290
13;35;850
13;37;1820
13;39;2550
13;44;1700
13;45;1810
13;48;2800
13;50;80
13;51;2670
13;57;2440
13;58;730
13;62;2010
13;64;1580
13;70;2940
13;71;380
13;73;2830
13;75;2570
13;78;1070
13;82;2080
13;87;1270
13;89;1560
13;91;360
13;92;2660
13;98;2660
14;3;2160
14;5;1300
14;7;330
14;9;1190
14;16;1910
14;19;2180
14;22;2300
14;23;340
14;26;2080
14;27;410
14;29;2610
14;30;2230
14;31;1640
14;34;130
14;35;2200
14;40;2830
14;44;2270
14;45;1270
14;50;1960
14;51;1220
14;52;2350
14;55;1860
14;58;1210
14;59;1430
14;62;100
14;65;1460
14;70;2780
14;71;2280
14;72;2080
14;74;2140
14;75;1240
14;78;1990
14;80;2230
14;82;2960
14;83;1860
14;88;2440
14;89;1580
14;90;910
14;91;2160
14;95;1570
14;98;750
15;0;2840
15;1;780
15;6;1070
15;8;1560
15;10;580
15;11;2290
15;18;1970
15;20;1480
15;25;1010
15;29;2530
15;32;400
15;36;1620
15;39;2910
15;43;2740
15;47;1430
15;49;1270
15;53;2530
15;55;2840
15;57;2590
15;61;1970
15;63;1590
15;66;2780
15;67;1140
15;68;2710
15;69;1280
15;70;2120
15;72;2190
15;76;1780
15;77;450
15;79;1080
15;84;1120
15;85;2610
15;86;1220
15;88;2680
15;92;2340
15;97;1750
16;3;680
16;4;2690
16;7;1690
16;8;1630
16;12;1020
16;19;2840
16;20;1780
16;22;970
16;23;2140
16;25;2150
16;27;2180
16;29;800
16;30;620
16;33;2280
16;34;1940
16;37;2180
16;41;750
16;42;2350
16;45;2080
16;49;2740
16;51;1040
16;54;700
16;57;2730
16;59;480
16;62;1860
16;64;2230
16;65;640
16;68;630
16;70;2770
16;72;1330
16;74;510
16;77;2790
16;80;680
16;83;750
16;84;2630
16;88;610
16;90;1040
16;92;2550
16;95;390
16;98;1380
17;0;2350
17;1;2120
17;2;1790
17;3;2550
17;4;1010
17;5;870
17;7;2200
17;8;1480
17;9;1400
17;10;2740
17;11;2370
17;12;2480
17;13;2850
17;14;2120
17;15;2210
17;16;1870
17;18;1220
17;19;1200
17;20;1700
17;22;2840
17;23;2050
17;24;2630
17;25;1530
17;27;2030
17;29;1850
17;30;2500
17;31;2590
17;32;2320
17;33;480
17;34;2250
17;35;2390
17;36;2230
17;39;1660
17;40;2930
17;41;2620
17;43;2430
17;44;1590
17;45;1080
17;47;2140
17;48;2710
17;49;2630
17;50;2830
17;52;710
17;54;2560
17;55;1470
17;56;2520
17;57;910
17;58;2570
17;59;1780
17;60;2950
17;61;2720
17;63;1570
17;64;1320
17;65;2140
17;68;1240
17;69;1760
17;70;900
17;72;590
17;73;2880
17;75;1010
17;77;2080
17;78;1990
17;80;1420
17;82;2100
17;83;2520
17;84;2430
17;88;1830
17;89;1290
17;90;1560
17;92;680
17;93;2720
17;95;1950
17;96;2590
17;97;2050
17;98;2260
17;99;2490
18;0;1200
18;1;1470
18;2;1210
18;5;2050
18;8;2180
18;9;2110
18;10;2320
18;11;1150
18;15;1970
18;17;1220
18;20;2330
18;21;2180
18;23;2990
18;24;2180
18;27;2940
18;29;2890
18;33;780
18;36;1160
18;38;2290
18;40;2830
18;42;1420
18;43;1240
18;44;1550
18;45;1900
18;46;2390
18;47;1140
18;48;1860
18;49;2930
18;53;580
18;55;2650
18;57;800
18;60;2040
18;61;1600
18;64;2080
18;66;1300
18;68;2430
18;69;870
18;70;360
18;72;1730
18;73;2050
18;75;2210
18;76;240
18;77;2100
18;78;2170
18;79;1890
18;80;2530
18;81;2520
18;82;1610
18;84;2730
18;86;880
18;87;2250
18;88;2920
18;89;1790
18;90;2750
18;92;700
18;93;2520
18;97;920
18;99;2040
19;0;1780
19;1;2690
19;2;770
19;7;2420
19;8;2670
19;9;1000
19;11;2160
19;13;1970
19;14;2180
19;16;2840
19;17;1200
19;18;1250
19;20;2890
19;21;2500
19;23;1940
19;24;1440
19;25;2630
19;26;2250
19;27;1880
19;31;1790
19;34;2320
19;36;2390
19;40;1760
19;42;2260
19;43;1950
19;44;390
19;45;950
19;47;2390
19;50;1930
19;53;1070
19;57;470
19;59;2580
19;60;1990
19;62;2270
19;63;2770
19;65;2890
19;66;2010
19;68;2260
19;70;960
19;71;2010
19;72;1760
19;73;1860
19;76;1490
19;78;930
19;80;2550
19;82;960
19;85;2790
19;86;2120
19;87;1160
19;88;2950
19;89;620
19;90;2120
19;91;2330
19;93;1520
19;95;2780
19;96;1800
19;98;2670
20;1;2020
20;5;2050
20;6;1890
20;8;230
20;9;2990
20;10;2020
20;12;2790
20;16;1780
20;17;1700
20;18;2330
20;19;2890
20;22;2570
20;25;530
20;29;1060
20;32;1840
20;33;1710
20;37;2660
20;41;2250
20;42;980
20;45;2660
20;47;2500
20;49;1040
20;53;2890
20;54;2330
20;56;1860
20;57;2520
20;59;2100
20;63;170
20;64;2900
20;65;2400
20;67;1870
20;68;1470
20;69;2160
20;70;2240
20;72;1290
20;75;2050
20;76;2270
20;77;1050
20;80;1130
20;83;2510
20;86;2080
20;88;1230
20;89;2970
20;90;2370
20;92;2230
20;95;2140
20;97;2670
20;98;2990
20;99;1910
21;0;980
21;2;1740
21;4;2750
21;11;1470
21;18;2180
21;19;2500
21;24;1850
21;28;540
21;33;2940
21;35;2930
21;36;2160
21;39;1700
21;44;2410
21;46;790
21;47;2340
21;48;960
21;53;1700
21;57;2440
21;61;2030
21;66;980
21;69;2490
21;73;970
21;76;2210
21;78;2860
21;81;690
21;86;2560
21;87;2500
21;92;2600
21;93;2420
21;96;710
21;97;2000
22;3;290
22;5;2200
22;7;1980
22;12;900
22;14;2300
22;16;970
22;20;2570
22;23;2610
22;29;1510
22;30;380
22;34;2270
22;41;330
22;45;2870
22;51;1860
22;54;270
22;55;1380
22;62;2210
22;63;2450
22;64;2970
22;65;880
22;68;1610
22;72;2310
22;74;480
22;75;2030
22;80;1610
22;83;440
22;88;1350
22;90;1670
22;98;1570
23;3;2450
23;5;1310
23;7;680
23;9;930
23;12;1740
23;13;1590
23;14;340
23;18;2990
23;19;1940
23;24;2860
23;30;2510
23;31;1310
23;34;440
23;35;1860
23;39;2770
23;44;1980
23;45;1080
23;50;1630
23;51;1320
23;52;2380
23;53;2990
23;54;2460
23;55;2030
23;57;2220
23;59;1670
23;62;440
23;64;930
23;68;1960
23;71;1950
23;72;2100
23;74;2410
23;75;1290
23;78;1660
23;80;2380
23;82;2660
23;83;2170
23;87;2180
23;88;2630
23;90;1100
23;91;1850
23;92;2280
23;95;1830
23;98;1080
24;0;1770
24;2;970
24;5;2910
24;11;2440
24;17;2630
24;18;2180
24;19;1440
24;21;1850
24;23;2860
24;27;2790
24;28;2390
24;31;1960
24;33;2560
24;36;2980
24;37;2070
24;39;1240
24;40;900
24;43;1980
24;44;1090
24;45;2200
24;46;2620
24;53;1640
24;57;1750
24;58;2430
24;64;2130
24;66;2000
24;69;2970
24;71;1700
24;73;890
24;76;2380
24;81;2540
24;82;570
24;91;2150
24;92;2030
24;93;570
24;96;1390
25;1;1480
25;3;2750
25;4;1300
25;5;2090
25;6;1690
25;8;550
25;9;2910
25;10;1590
25;11;2670
25;15;1010
25;17;1530
25;18;1900
25;20;530
25;29;1530
25;30;2640
25;37;2560
25;39;2770
25;42;480
25;45;2590
25;47;1960
25;49;1110
25;51;2170
25;52;1020
25;53;2480
25;54;2760
25;55;1840
25;56;1410
25;57;2210
25;59;2400
25;61;2620
25;65;2730
25;67;1700
25;69;1640
25;70;1860
25;72;1300
25;75;2140
25;76;1810
25;77;660
25;79;1970
25;83;2900
25;86;1560
25;88;1670
25;89;2820
25;90;2550
25;92;1930
25;94;1730
25;95;2470
25;97;2150
25;99;1430
26;2;2560
26;7;2410
26;9;1750
26;13;270
26;14;2080
26;19;2250
26;24;2110
26;27;1710
26;31;540
26;34;2130
26;35;1070
26;39;2810
26;40;1280
26;44;1970
26;45;2080
26;51;2910
26;57;2720
26;58;870
26;62;2170
26;64;1840
26;71;420
26;75;2820
26;78;1330
26;82;2300
26;87;1480
26;90;2820
26;91;90
26;92;2940
26;93;1560
27;2;2600
27;3;2500
27;4;2990
27;5;1310
27;7;740
27;9;870
27;12;1800
27;14;410
27;17;2030
27;19;1880
27;23;70
27;24;2790
27;26;1710
27;29;2820
27;30;2560
27;31;1250
27;33;2460
27;35;1790
27;37;1170
27;39;2710
27;45;1040
27;50;1570
27;51;1330
27;52;2380
27;54;2510
27;57;2170
27;58;850
27;62;510
27;64;880
27;65;1810
27;68;1980
27;70;2580
27;71;1880
27;72;2100
27;75;1300
27;80;2400
27;82;2600
27;87;2110
27;88;2660
27;89;1260
27;90;1140
27;91;1800
27;92;2240
27;95;1880
28;1;2980
28;2;2200
28;4;2940
28;11;1490
28;19;2940
28;21;540
28;24;2390
28;36;2130
28;38;130
28;39;2110
28;43;1180
28;44;2890
28;46;310
28;48;1500
28;53;2030
28;60;1260
28;66;1120
28;70;2690
28;73;1510
28;76;2410
28;79;2930
28;81;150
28;82;2270
28;85;1230
28;86;2620
28;92;2940
28;93;2960
28;96;1150
29;3;1250
29;4;2390
29;5;1690
29;6;2910
29;7;2430
29;8;970
29;9;2730
29;12;1820
29;14;2610
29;15;2530
29;16;800
29;17;1850
29;18;2890
29;20;1060
29;22;1510
29;25;1530
29;27;2820
29;30;1130
29;33;2120
29;34;2660
29;37;2510
29;42;1840
29;45;2440
29;49;1940
29;51;1510
29;52;1190
29;54;1260
29;55;750
29;56;2920
29;57;2770
29;59;1240
29;62;2580
29;64;2640
29;65;1440
29;67;2870
29;68;860
29;69;2990
29;70;2670
29;72;1260
29;74;1070
29;75;1600
29;76;2910
29;77;2110
29;80;460
29;84;1850
29;86;2920
29;88;190
29;89;2860
29;90;1690
29;94;2890
29;98;2160
30;3;130
30;7;1940
30;9;2840
30;12;950
30;16;620
30;17;2500
30;20;2190
30;23;2510
30;25;2640
30;27;2560
30;29;1130
30;33;2900
30;37;2750
30;41;130
30;42;2890
30;45;2630
30;51;1600
30;52;2040
30;54;140
30;55;1030
30;59;900
30;62;2160
30;63;2060
30;64;2760
30;65;760
30;68;1260
30;72;1950
30;74;120
30;75;1760
30;80;1220
30;83;460
30;84;2970
30;88;970
30;90;1490
30;98;1550
31;5;2210
31;7;1980
31;9;1210
31;13;290
31;14;1640
31;17;2590
31;19;1790
31;23;1310
31;24;1960
31;26;540
31;27;1250
31;33;2870
31;37;1560
31;39;2430
31;40;1300
31;44;1560
31;45;1540
31;48;2790
31;57;2250
31;58;510
31;59;2910
31;62;1740
31;64;1300
31;70;2740
31;71;630
31;75;2280
31;82;2020
31;87;1260
31;89;1320
31;90;2320
31;91;630
31;98;2400
32;0;2580
32;1;450
32;6;1300
32;10;460
32;15;400
32;20;1840
32;25;1340
32;29;2870
32;33;1920
32;36;1290
32;39;2770
32;42;1160
32;43;2460
32;47;1100
32;49;1660
32;53;2370
32;56;270
32;57;2550
32;61;1590
32;67;1390
32;68;2970
32;70;2060
32;72;2400
32;76;1630
32;79;670
32;80;2790
32;84;1530
32;85;2240
32;86;1010
32;92;2320
32;94;1430
32;97;1450
32;99;190
33;0;1970
33;1;1680
33;2;1630
33;3;2960
33;4;540
33;5;1360
33;6;2880
33;7;2680
33;8;1530
33;9;1740
33;10;2360
33;11;1910
33;12;2950
33;14;2590
33;15;1870
33;16;2280
33;17;480
33;18;780
33;19;1240
33;20;1710
33;21;2940
33;23;2490
33;24;2560
33;25;1400
33;27;2460
33;29;2120
33;30;2900
33;32;1920
33;34;2720
33;36;1740
33;37;1370
33;39;1440
33;42;1010
33;44;1630
33;45;1460
33;47;1650
33;48;2480
33;49;2510
33;51;1630
33;53;1240
33;54;2980
33;55;1870
33;56;2150
33;57;810
33;58;2920
33;59;2240
33;60;2690
33;61;2240
33;67;2920
33;68;1640
33;70;550
33;73;2660
33;74;2790
33;75;1500
33;76;880
33;77;1830
33;78;2140
33;79;2210
33;80;1750
33;82;2000
33;84;2300
33;85;2560
33;87;2410
33;88;2140
33;92;530
33;93;2750
33;94;2970
33;95;2400
33;96;2270
33;97;1570
33;98;2750
33;99;2100
34;3;2140
34;5;1410
34;7;280
34;9;1330
34;12;1370
34;13;1980
34;14;130
34;16;1940
34;17;2250
34;19;2320
34;22;2270
34;23;440
34;26;2130
34;27;510
34;29;2660
34;31;1720
34;33;2720
34;35;2310
34;40;2930
34;41;2330
34;44;2400
34;45;1410
34;50;2030
34;51;1310
34;52;2460
34;54;2150
34;55;1910
34;57;2560
34;59;1460
34;62;80
34;64;1310
34;65;1460
34;68;1890
34;70;2920
34;71;2350
34;72;2180
34;74;2130
34;75;1340
34;78;2110
34;80;2300
34;83;1830
34;87;2630
34;88;2490
34;89;1720
34;90;980
34;91;2210
34;92;2580
34;93;2980
34;95;1580
34;98;700
35;0;2600
35;4;2900
35;5;2310
35;9;1290
35;14;2200
35;17;2390
35;18;2510
35;19;1300
35;21;2930
35;23;1860
35;24;1130
35;27;1790
35;33;2540
35;34;2310
35;37;1480
35;40;640
35;43;2810
35;45;1550
35;50;780
35;53;2140
35;57;1780
35;58;1300
35;60;2230
35;62;2300
35;64;1380
35;71;740
35;72;2840
35;73;2000
35;75;2430
35;76;2740
35;78;400
35;82;1230
35;89;1130
35;90;2640
35;91;1130
35;93;680
35;96;2360
35;98;2910
36;0;1350
36;1;850
36;2;2110
36;4;1240
36;8;2630
36;10;1660
36;15;1620
36;19;2390
36;20;2680
36;21;2160
36;24;2980
36;25;2150
36;28;2130
36;33;1740
36;37;2930
36;38;2000
36;39;1830
36;42;1710
36;43;1200
36;47;190
36;49;2860
36;52;2470
36;53;1420
36;56;1540
36;57;1960
36;60;2390
36;61;500
36;63;2710
36;67;2680
36;69;530
36;70;1520
36;72;2610
36;73;2520
36;76;940
36;79;940
36;84;2690
36;85;1020
36;86;610
36;89;2950
36;92;1860
36;94;2720
36;96;1840
36;97;270
36;99;1430
37;0;2540
37;2;1570
37;3;2750
37;5;850
37;7;1640
37;8;2430
37;9;370
37;11;2830
37;13;1820
37;14;1420
37;16;2180
37;18;1770
37;19;790
37;23;1220
37;24;2070
37;25;2560
37;26;2090
37;27;1170
37;29;2510
37;30;2750
37;33;1370
37;34;1560
37;35;1480
37;36;2930
37;39;1610
37;40;2100
37;42;2300
37;43;2690
37;45;150
37;47;2880
37;48;2490
37;50;1810
37;51;1150
37;52;1620
37;53;1780
37;54;2770
37;55;1870
37;57;1000
37;58;1550
37;59;1860
37;60;2770
37;62;1500
37;64;310
37;66;2760
37;69;2550
37;70;1410
37;71;2010
37;72;1380
37;73;2630
37;74;2630
37;75;990
37;78;1090
37;80;2040
37;82;1690
37;86;2530
37;87;1570
37;88;2410
37;89;360
37;90;1350
37;92;1070
37;93;1970
37;95;2060
37;96;2590
38;0;1110
38;1;2850
38;2;2090
38;4;2800
38;18;2290
38;19;2830
38;24;2340
38;28;130
38;36;2000
38;39;2000
38;43;1050
38;44;2790
38;46;290
38;47;2190
38;53;1900
38;57;2690
38;61;1760
38;66;990
38;69;2410
38;70;2560
38;73;1460
38;79;2810
38;81;240
38;82;2190
38;86;2480
38;87;2960
38;92;2810
38;93;2910
38;96;1060
38;97;1900
39;0;960
39;1;2360
39;2;280
39;4;1510
39;5;2240
39;8;2970
39;9;1830
39;13;2550
39;15;2910
39;17;1660
39;18;940
39;24;1240
39;25;2770
39;26;2810
39;27;2710
39;28;2110
39;31;2430
39;36;1830
39;37;1610
39;42;2310
39;43;1140
39;44;880
39;47;1890
39;48;1050
39;50;2490
39;52;2320
39;53;420
39;58;2730
39;60;1290
39;61;2120
39;64;1840
39;66;1200
39;69;1740
39;70;910
39;71;2480
39;75;2410
39;76;1140
39;78;1490
39;79;2710
39;81;2240
39;86;1770
39;87;1410
39;89;1440
39;90;2890
39;93;1620
39;96;980
39;97;1560
39;99;2960
40;0;2640
40;2;1670
40;5;2940
40;9;1930
40;14;2830
40;19;1760
40;23;2480
40;24;900
40;26;1280
40;31;1300
40;34;2930
40;35;640
40;37;2100
40;43;2860
40;44;1370
40;45;2180
40;48;1800
40;50;1100
40;58;1820
40;60;2030
40;62;2930
40;64;2020
40;66;2890
40;73;1780
40;78;1000
40;82;1300
40;87;600
40;89;1740
40;91;1300
40;93;350
41;3;190
41;5;2050
41;7;2050
41;8;2160
41;9;2970
41;12;1040
41;14;2350
41;16;750
41;17;2620
41;22;330
41;25;2710
41;27;2690
41;29;1190
41;30;130
41;34;2330
41;37;2890
41;42;2980
41;45;2770
41;52;2140
41;54;190
41;55;1150
41;59;1030
41;62;2270
41;64;2890
41;65;880
41;72;2070
41;75;1900
41;80;1320
41;83;530
41;88;1040
41;90;1620
41;98;1650
42;1;1150
42;2;2550
42;6;1880
42;8;910
42;9;2670
42;10;1520
42;11;2200
42;15;960
42;16;2350
42;18;1420
42;19;2260
42;20;980
42;25;480
42;29;1840
42;30;2890
42;32;1160
42;36;1710
42;37;2300
42;39;2310
42;41;2980
42;43;2520
42;44;2650
42;45;2360
42;47;1530
42;49;1520
42;52;1000
42;53;2000
42;55;1980
42;57;1810
42;59;2510
42;61;2200
42;63;990
42;64;2590
42;66;2570
42;67;1920
42;69;1180
42;70;1420
42;74;2800
42;75;2070
42;76;1320
42;77;820
42;79;1690
42;80;1670
42;82;2940
42;84;1320
42;86;1100
42;88;1950
42;89;2530
42;90;2550
42;92;1530
42;94;1960
42;95;2610
42;96;2960
42;97;1680
43;0;210
43;1;2000
43;2;1340
43;4;1760
43;9;2950
43;10;2860
43;11;520
43;17;2430
43;19;1950
43;21;1020
43;24;1980
43;28;1180
43;33;2030
43;35;2810
43;36;1200
43;39;1140
43;40;2860
43;42;2520
43;44;2010
43;48;1200
43;56;2720
43;57;1720
43;60;1200
43;61;1220
43;69;1470
43;70;1520
43;72;2970
43;73;1360
43;76;1220
43;78;2610
43;79;2130
43;81;1280
43;85;910
43;86;1540
43;87;2420
43;92;1790
43;93;2500
43;96;660
43;97;1000
43;99;2620
44;0;1830
44;2;690
44;4;1950
44;5;1810
44;7;2540
44;11;2310
44;13;1700
44;17;1590
44;18;1550
44;19;390
44;21;2410
44;23;1980
44;24;1090
44;27;1920
44;28;2890
44;31;1560
44;33;1630
44;34;2400
44;36;2630
44;37;1000
44;43;2010
44;45;1140
44;48;1520
44;50;1650
44;51;2130
44;52;2300
44;53;1230
44;55;2800
44;57;840
44;58;1850
44;59;2860
44;60;1820
44;61;2960
44;62;2360
44;64;1120
44;66;2070
44;68;2590
44;69;2420
44;70;1300
44;71;1690
44;73;1640
44;75;1970
44;76;1790
44;78;630
44;80;2910
44;82;700
44;85;2910
44;86;2430
44;87;770
44;89;700
44;91;2040
44;92;1110
44;96;1730
44;97;2360
44;98;2840
45;0;2700
45;2;1720
45;3;2630
45;4;1980
45;5;760
45;7;1480
45;8;2430
45;9;320
45;11;2980
45;12;2200
45;13;1810
45;14;1270
45;16;2080
45;17;1080
45;18;1900
45;19;950
45;20;2660
45;22;2870
45;24;2200
45;25;2590
45;26;2080
45;27;1040
45;29;2440
45;30;2630
45;31;1540
45;35;1550
45;37;150
45;39;1770
45;40;2180
45;41;2770
45;44;1140
45;50;1810
45;51;1030
45;53;1940
45;54;2640
45;57;1150
45;58;1480
45;59;1740
45;60;2930
45;63;2510
45;64;240
45;65;2010
45;66;2910
45;68;1600
45;69;2670
45;70;1540
45;71;2030
45;72;1370
45;73;2780
45;74;2520
45;75;890
45;76;2120
45;78;1180
45;80;1980
45;82;1840
45;86;2640
45;87;1670
45;88;2340
45;89;460
45;90;1210
45;91;2170
45;92;1200
45;95;1940
45;96;2750
45;97;2820
45;98;1720
46;0;1270
46;1;2790
46;4;2860
46;11;1360
46;18;2390
46;21;790
46;24;2620
46;28;310
46;36;1950
46;38;290
46;39;2200
46;43;1160
46;47;2150
46;48;1720
46;53;2060
46;57;2860
46;60;1500
46;61;1650
46;66;1100
46;76;2340
46;79;2700
46;81;230
46;82;2440
46;85;990
46;86;2480
46;97;1890
47;0;1490
47;1;660
47;2;2180
47;4;1120
47;6;2400
47;8;2450
47;10;1490
47;11;860
47;17;2140
47;18;1140
47;19;2390
47;20;2500
47;21;2340
47;25;1960
47;28;2320
47;32;1100
47;33;1650
47;36;190
47;37;2880
47;38;2190
47;39;1890
47;42;1530
47;43;1360
47;44;2650
47;46;2150
47;48;2490
47;49;2670
47;52;2330
47;53;1470
47;56;1360
47;57;1950
47;61;660
47;67;2490
47;69;380
47;73;2660
47;76;900
47;77;1780
47;81;2350
47;82;2560
47;84;2500
47;85;1220
47;86;450
47;89;2930
47;92;1810
47;94;2540
47;96;1990
47;97;370
47;99;1260
48;0;1010
48;2;940
48;9;2610
48;11;1720
48;13;2800
48;17;2710
48;18;1860
48;21;960
48;24;900
48;28;1500
48;31;2790
48;35;1960
48;37;2490
48;38;1440
48;39;1050
48;40;1800
48;43;1200
48;44;1520
48;45;2640
48;53;1280
48;57;1790
48;60;290
48;61;2430
48;64;2650
48;66;1220
48;70;1930
48;76;2000
48;78;1910
48;81;1650
48;82;830
48;85;2040
48;86;2530
48;89;2220
48;93;1470
48;96;550
48;97;2110
49;4;2330
49;8;1270
49;10;1580
49;15;1270
49;16;2740
49;18;2930
49;25;1110
49;29;1940
49;32;1660
49;33;2510
49;36;2860
49;42;1520
49;47;2670
49;52;2040
49;55;2550
49;63;1210
49;67;960
49;68;2510
49;69;2440
49;70;2950
49;72;2310
49;76;2790
49;79;2320
49;80;2140
49;84;200
49;86;2370
49;88;2130
49;99;1620
50;7;2300
50;9;1480
50;14;1960
50;17;2830
50;19;1930
50;23;1630
50;27;1570
50;31;320
50;35;780
50;37;1810
50;39;2490
50;40;1100
50;44;1650
50;45;1810
50;53;2880
50;57;2400
50;58;790
50;60;2990
50;64;1580
50;71;320
50;75;2580
50;82;2010
50;87;1190
50;89;1540
50;90;2640
50;91;390
50;92;2620
50;93;1330
50;98;2710
51;2;2610
51;5;330
51;7;1170
51;8;1810
51;9;1280
51;12;1350
51;14;1220
51;16;1040
51;17;1150
51;18;2350
51;19;1850
51;20;2040
51;22;1860
51;23;1320
51;25;2170
51;26;2910
51;27;1330
51;29;1510
51;30;1600
51;31;2380
51;33;1630
51;35;2570
51;37;1150
51;39;2580
51;41;1740
51;42;2140
51;44;2130
51;45;1030
51;50;2690
51;52;1150
51;53;2610
51;55;770
51;58;2130
51;59;720
51;62;1220
51;63;1870
51;64;1190
51;69;2890
51;70;2010
51;71;2960
51;72;890
51;74;1480
51;75;160
51;76;2500
51;78;2210
51;80;1070
51;82;2800
51;83;1480
51;84;2920
51;86;2840
51;87;2710
51;88;1370
51;89;1500
51;90;420
51;95;930
51;98;1130
52;0;2900
52;1;2110
52;2;2480
52;4;1260
52;5;1070
52;7;2330
52;8;800
52;9;1950
52;10;2510
52;12;2270
52;14;2350
52;15;1930
52;16;1430
52;17;710
52;18;1700
52;19;1910
52;20;1040
52;22;2410
52;23;2380
52;25;1020
52;29;1190
52;30;2040
52;32;2160
52;34;2460
52;36;2470
52;39;2320
52;41;2140
52;42;1000
52;43;2940
52;44;2300
52;45;1620
52;47;2330
52;49;2040
52;51;1150
52;53;2170
52;55;1040
52;56;2300
52;57;1610
52;59;1520
52;62;2370
52;63;890
52;64;1860
52;65;1890
52;67;2720
52;68;840
52;69;1940
52;70;1470
52;72;270
52;74;1930
52;75;1110
52;77;1670
52;78;2660
52;79;2660
52;82;2810
52;83;2170
52;84;1860
52;86;1870
52;88;1210
52;89;1940
52;95;1650
52;97;2350
52;99;2300
53;0;790
53;1;1950
53;4;1180
53;5;2290
53;8;2730
53;9;2060
53;10;2830
53;11;1090
53;13;2930
53;15;2530
53;17;1570
53;18;580
53;19;1070
53;20;2890
53;21;1700
53;23;2990
53;24;1640
53;25;2480
53;27;2940
53;28;2030
53;31;2800
53;32;2370
53;33;1240
53;35;2140
53;36;1420
53;37;1780
53;38;1900
53;39;420
53;40;2370
53;42;2000
53;45;1940
53;46;2060
53;47;1470
53;48;1280
53;50;2880
53;51;2610
53;52;2170
53;56;2640
53;57;800
53;60;1460
53;61;1730
53;63;2830
53;64;2060
53;66;980
53;68;2810
53;69;1330
53;70;700
53;71;2890
53;72;2150
53;73;1470
53;75;2450
53;76;750
53;77;2690
53;78;1860
53;81;2150
53;82;1090
53;86;1360
53;89;1690
53;90;2970
53;93;2040
53;96;1020
53;97;1140
53;99;2550
54;3;10
54;5;1950
54;7;1860
54;9;2830
54;12;840
54;14;2160
54;16;700
54;17;2560
54;20;2330
54;22;270
54;23;2460
54;27;2510
54;29;1260
54;30;140
54;33;2980
54;34;2150
54;37;2770
54;41;190
54;45;2640
54;51;1620
54;55;1110
54;59;900
54;62;2090
54;63;2190
54;64;2750
54;65;700
54;68;1330
54;72;2030
54;74;200
54;75;1780
54;83;340
54;88;1100
54;90;1470
54;95;700
54;98;1460
55;3;1090
55;4;2280
55;7;1690
55;8;1350
55;9;2040
55;14;1860
55;15;2840
55;16;410
55;19;2470
55;22;1380
55;23;2030
55;25;1840
55;27;2060
55;29;750
55;30;1030
55;34;1910
55;37;1870
55;41;1150
55;42;1980
55;49;2550
55;51;770
55;52;1040
55;54;1110
55;58;2890
55;59;570
55;62;1830
55;63;1370
55;64;1950
55;65;890
55;68;230
55;69;2980
55;72;920
55;74;920
55;75;890
55;80;400
55;84;2420
55;88;600
55;89;2230
55;90;940
55;92;2150
55;95;630
55;98;1470
56;0;2850
56;1;720
56;4;1690
56;6;1030
56;11;2230
56;15;390
56;17;2520
56;18;2120
56;20;1860
56;25;1410
56;29;2920
56;32;270
56;33;2150
56;36;1540
56;42;1310
56;43;2720
56;47;1360
56;53;2640
56;57;2810
56;61;1810
56;67;1130
56;69;1320
56;70;2330
56;72;2550
56;76;1910
56;77;810
56;79;800
56;80;2870
56;84;1410
56;92;2570
56;94;1170
56;97;1720
56;99;110
57;0;1590
57;1;2220
57;2;870
57;4;1120
57;5;1500
57;7;2610
57;8;2310
57;9;1320
57;11;1820
57;13;2440
57;14;2420
57;15;2590
57;16;2730
57;17;910
57;18;800
57;20;2520
57;21;2440
57;23;2220
57;24;1750
57;25;2210
57;26;2720
57;27;2170
57;28;2810
57;31;2250
57;32;2550
57;33;810
57;34;2560
57;36;1960
57;37;1000
57;38;2690
57;39;760
57;42;1810
57;43;1720
57;45;1150
57;46;2860
57;47;1950
57;48;1790
57;50;2400
57;51;1830
57;52;1610
57;53;800
57;56;2810
57;58;2410
57;59;2550
57;60;2050
57;61;2380
57;62;2500
57;65;2890
57;66;1780
57;68;2110
57;69;1660
57;71;2490
57;72;1510
57;73;1970
57;75;1670
57;76;1040
57;77;2610
57;79;2680
57;80;2340
57;82;1200
57;85;2480
57;86;1650
57;87;1600
57;88;2750
57;89;980
57;90;2170
57;91;2800
57;92;280
57;95;2740
57;96;1730
57;98;2800
57;99;2740
58;5;2030
58;7;1540
58;9;1180
58;12;2630
58;13;730
58;14;1210
58;17;2570
58;19;1990
58;24;2430
58;26;870
58;27;850
58;31;510
58;35;1300
58;37;1550
58;39;2730
58;40;1820
58;44;1850
58;45;1480
58;50;790
58;51;2130
58;55;2890
58;57;2410
58;59;2570
58;62;1300
58;64;1250
58;65;2660
58;68;2790
58;71;1120
58;72;2790
58;78;1300
58;82;2410
58;90;1990
58;91;950
58;92;2560
58;95;2740
58;98;1960
59;3;890
59;4;2710
59;5;1060
59;9;1940
59;12;740
59;14;1430
59;16;480
59;17;1780
59;19;2580
59;22;1140
59;23;1670
59;25;2400
59;27;1720
59;29;1240
59;31;2910
59;33;2240
59;34;1460
59;37;1860
59;42;2510
59;45;1740
59;54;900
59;55;570
59;57;2550
59;58;2570
59;62;1380
59;63;1940
59;65;370
59;68;690
59;70;2680
59;74;790
59;75;890
59;78;2890
59;80;970
59;83;750
59;84;2980
59;89;2200
59;90;590
59;92;2410
59;95;200
60;0;1040
60;4;2640
60;9;2900
60;11;1720
60;17;2950
60;18;2040
60;19;1990
60;21;720
60;24;1130
60;28;1260
60;33;2690
60;35;2230
60;36;2390
60;37;2770
60;39;1290
60;40;2030
60;43;1200
60;44;1820
60;45;2930
60;46;1500
60;53;1460
60;57;2050
60;61;2400
60;64;2940
60;66;1190
60;69;2570
60;71;2840
60;73;250
60;76;2140
60;78;2200
60;82;1130
60;86;2630
60;87;1800
60;89;2510
60;92;2260
60;93;1700
60;96;540
60;97;2170
61;0;1410
61;1;1200
61;2;2380
61;4;1740
61;6;2830
61;10;1880
61;11;720
61;17;2720
61;19;2770
61;21;2030
61;25;2620
61;32;1590
61;33;2240
61;36;500
61;39;2120
61;42;2200
61;43;1220
61;44;2960
61;47;660
61;48;2430
61;53;1730
61;57;2380
61;60;2400
61;66;1210
61;67;2930
61;69;1040
61;70;1960
61;73;2580
61;76;1400
61;77;2370
61;79;1050
61;82;2710
61;92;2300
61;94;2970
61;96;1880
61;97;680
61;99;1700
62;3;2080
62;5;1330
62;7;240
62;12;1330
62;13;2010
62;14;100
62;16;1860
62;17;2170
62;19;2270
62;22;2210
62;23;440
62;26;2170
62;27;510
62;29;2580
62;30;2160
62;33;2640
62;34;80
62;35;2300
62;37;1500
62;41;2270
62;44;2360
62;45;1350
62;52;2370
62;58;1300
62;59;1380
62;64;1260
62;65;1390
62;70;2850
62;71;2380
62;72;2090
62;75;1250
62;78;2090
62;80;2210
62;83;1780
62;89;1680
62;90;890
62;91;2250
62;92;2510
62;93;2970
62;95;1510
62;98;660
63;1;2080
63;3;2180
63;4;1710
63;5;1880
63;6;2060
63;10;2140
63;15;1590
63;16;1630
63;17;1570
63;18;2280
63;19;2770
63;20;170
63;22;2450
63;25;590
63;29;940
63;30;2060
63;32;1940
63;37;2510
63;45;2510
63;47;2530
63;49;1210
63;51;1870
63;52;890
63;53;2830
63;54;2190
63;55;1370
63;56;1970
63;57;2410
63;59;1940
63;65;2240
63;67;2040
63;68;1300
63;69;2180
63;70;2160
63;72;1140
63;74;1990
63;75;1880
63;76;2240
63;77;1180
63;79;2570
63;80;970
63;83;2360
63;84;1060
63;86;2100
63;89;2830
63;92;2140
63;95;1980
63;98;2830
64;0;2800
64;2;1760
64;3;2740
64;4;2190
64;5;950
64;7;1420
64;8;2660
64;9;90
64;12;2250
64;13;1580
64;14;1170
64;19;1010
64;20;2900
64;22;2970
64;23;930
64;25;2830
64;26;1840
64;30;2760
64;31;1300
64;33;1680
64;34;1310
64;35;1380
64;37;310
64;39;1840
64;40;2020
64;41;2890
64;42;2590
64;43;2960
64;44;1120
64;48;2650
64;51;1190
64;52;1860
64;53;2060
64;54;2750
64;55;1950
64;58;1250
64;59;1850
64;60;2940
64;65;2090
64;68;1790
64;69;2870
64;71;1810
64;72;1600
64;73;2770
64;74;2640
64;76;2300
64;78;1030
64;80;2180
64;83;2540
64;88;2530
64;89;420
64;90;1290
64;91;1940
64;95;2050
64;96;2800
65;5;1390
65;7;1180
65;8;2230
65;12;400
65;14;1460
65;16;640
65;17;2140
65;19;2890
65;22;880
65;23;1750
65;25;2730
65;29;1440
65;30;760
65;33;2610
65;34;1460
65;37;2150
65;41;880
65;42;2860
65;45;2010
65;51;1050
65;52;1890
65;54;700
65;55;890
65;57;2890
65;62;1390
65;63;2240
65;64;2090
65;68;1050
65;74;670
65;75;1220
65;80;1270
65;88;1250
65;89;2470
65;90;800
65;95;260
65;98;800
66;0;250
66;2;1390
66;4;1810
66;10;2880
66;11;530
66;15;2780
66;18;1300
66;19;2010
66;21;980
66;24;2000
66;28;1120
66;32;2490
66;33;2090
66;35;2850
66;37;2760
66;38;990
66;39;1200
66;40;2890
66;42;2570
66;43;60
66;44;2070
66;45;2910
66;46;1100
66;47;1380
66;53;980
66;56;2750
66;57;1780
66;69;1510
66;70;1590
66;73;1360
66;76;1280
66;79;2140
66;82;1630
66;85;870
66;86;1580
66;87;2460
66;92;1860
66;96;670
66;97;1030
66;99;2640
67;1;1840
67;4;2590
67;6;100
67;8;2070
67;10;1050
67;15;1140
67;20;1870
67;25;1700
67;29;2870
67;32;1390
67;33;2920
67;42;1920
67;49;960
67;52;2720
67;56;1130
67;61;2930
67;76;2920
67;77;1100
67;79;1890
67;84;1020
67;86;2350
67;99;1240
68;1;2950
68;2;2960
68;3;1320
68;4;2070
68;5;840
68;7;1700
68;9;1880
68;12;1440
68;14;1820
68;16;630
68;17;1240
68;18;2430
68;19;2260
68;22;1610
68;23;1960
68;27;1980
68;29;860
68;32;2970
68;33;1640
68;34;1890
68;37;1680
68;39;2870
68;41;1380
68;42;1810
68;45;1600
68;49;2510
68;51;650
68;52;840
68;53;2810
68;54;1330
68;55;230
68;57;2110
68;58;2790
68;59;690
68;62;1800
68;63;1300
68;69;2780
68;70;2140
68;74;1140
68;75;740
68;76;2520
68;77;2380
68;80;420
68;83;1330
68;84;2360
68;86;2710
68;88;740
68;89;2040
68;90;910
68;92;1920
68;95;800
69;0;1560
69;1;620
69;2;2030
69;4;740
69;6;2330
69;8;2100
69;9;2920
69;10;1500
69;11;1050
69;15;1280
69;17;1760
69;18;870
69;19;2120
69;21;2490
69;24;2970
69;25;1640
69;28;2550
69;29;2990
69;32;1050
69;33;1280
69;36;530
69;38;2410
69;42;1180
69;43;1470
69;45;2670
69;46;2400
69;47;380
69;48;2480
69;49;2440
69;51;2890
69;52;1940
69;55;2980
69;56;1320
69;57;1660
69;60;2570
69;61;1040
69;63;2180
69;64;2870
69;68;2780
69;70;1170
69;73;2660
69;75;2770
69;76;630
69;77;1560
69;79;1020
69;80;2750
69;81;2590
69;84;2260
69;85;1530
69;92;1490
69;94;2450
69;96;2030
69;99;1230
70;0;1450
70;1;1720
70;7;2930
70;8;2060
70;9;1750
70;10;2530
70;13;2940
70;14;2780
70;16;2770
70;17;900
70;18;360
70;19;960
70;20;2240
70;21;2400
70;23;2620
70;25;1860
70;27;2580
70;28;2690
70;29;2670
70;32;2060
70;33;550
70;34;2920
70;35;2260
70;36;1520
70;38;2560
70;39;910
70;40;2650
70;45;1540
70;47;1480
70;48;1930
70;49;2950
70;50;2890
70;51;2010
70;52;1470
70;53;700
70;56;2330
70;57;490
70;58;2880
70;59;2680
70;60;2140
70;61;1960
70;62;2850
70;63;2160
70;64;1720
70;66;1590
70;68;2140
70;69;1170
70;71;2980
70;72;1460
70;75;1860
70;76;580
70;77;2180
70;78;1900
70;79;2190
70;80;2280
70;81;2800
70;82;1520
70;84;2740
70;85;2160
70;87;2050
70;88;2680
70;89;1450
70;90;2390
70;92;340
70;93;2360
70;96;1720
70;99;2250
71;2;2220
71;5;2760
71;7;2620
71;13;380
71;14;2280
71;23;1950
71;24;1700
71;26;420
71;27;1880
71;31;630
71;34;2350
71;35;740
71;37;2010
71;44;1690
71;45;2030
71;50;320
71;51;2960
71;53;2890
71;57;2490
71;58;1120
71;60;2840
71;64;1810
71;70;2980
71;73;2590
71;75;2850
71;82;1930
71;87;1100
71;90;2930
71;91;450
71;92;2730
72;1;2310
72;3;2020
72;4;1370
72;6;2990
72;7;2060
72;9;1690
72;10;2760
72;11;2850
72;12;2080
72;14;2080
72;15;2190
72;16;1330
72;18;1730
72;19;1760
72;20;1290
72;22;2310
72;23;2100
72;25;1300
72;27;2100
72;29;1260
72;30;1950
72;31;2910
72;32;2400
72;33;940
72;34;2180
72;35;2840
72;36;2610
72;41;2070
72;42;1240
72;43;2970
72;44;2130
72;45;1370
72;49;2310
72;51;890
72;53;2150
72;54;2030
72;55;920
72;57;1510
72;58;2790
72;59;1340
72;64;1600
72;65;1710
72;68;700
72;70;1460
72;74;1840
72;75;840
72;77;1940
72;78;2450
72;79;2870
72;80;830
72;82;2680
72;83;2030
72;84;2130
72;86;2030
72;88;1230
72;89;1710
72;90;1310
72;95;1490
72;98;2020
72;99;2540
73;0;1180
73;2;1110
73;4;2650
73;9;2720
73;11;1880
73;13;2830
73;18;2050
73;19;1860
73;21;970
73;24;890
73;35;2000
73;36;2520
73;37;2630
73;43;1360
73;44;1640
73;45;2780
73;46;1750
73;47;2660
73;48;190
73;50;2750
73;53;1470
73;57;1970
73;64;2770
73;66;1360
73;69;2660
73;70;2120
73;78;1990
73;81;1660
73;82;940
73;85;2160
73;87;1570
73;89;2350
73;92;2200
73;93;1450
73;97;2290
74;7;1850
74;9;2730
74;14;2140
74;16;510
74;20;2130
74;22;480
74;23;2410
74;27;2460
74;29;1070
74;33;2790
74;34;2130
74;37;2630
74;41;250
74;42;2800
74;45;2520
74;51;1480
74;52;1930
74;59;790
74;62;2070
74;64;2640
74;68;1140
74;75;1640
74;80;1130
74;83;440
74;84;2920
74;89;2980
74;90;1380
74;95;600
74;98;1470
75;2;2440
75;3;1770
75;4;2020
75;5;170
75;8;1820
75;9;1150
75;12;1500
75;13;2570
75;14;1240
75;17;1010
75;19;1690
75;22;2030
75;23;1290
75;25;2140
75;26;2820
75;27;1300
75;29;1600
75;30;1760
75;31;2280
75;33;1500
75;34;1340
75;35;2430
75;37;990
75;39;2410
75;41;1900
75;42;2070
75;44;1970
75;45;890
75;50;2580
75;51;160
75;52;1110
75;53;2450
75;55;890
75;57;1670
75;58;2070
75;59;890
75;62;1250
75;64;1050
75;65;1220
75;69;2770
75;70;1860
75;71;2850
75;72;840
75;74;1640
75;76;2360
75;78;2070
75;80;1150
75;82;2640
75;83;1640
75;84;2920
75;86;2720
75;87;2560
75;88;1480
75;89;1350
75;90;540
75;91;2910
75;92;1560
75;93;2960
75;95;1090
75;98;1250
76;0;1230
76;1;1230
76;2;1420
76;5;2210
76;8;2150
76;9;2330
76;10;2090
76;11;1030
76;15;1780
76;17;1350
76;20;2270
76;21;2210
76;24;2380
76;25;1810
76;28;2410
76;29;2910
76;32;1630
76;35;2740
76;38;2270
76;39;1140
76;42;1320
76;43;1220
76;44;1790
76;45;2120
76;46;2340
76;47;900
76;48;2000
76;52;1750
76;53;750
76;56;1910
76;57;1040
76;60;2140
76;61;1400
76;63;2240
76;64;2300
76;66;1280
76;67;2920
76;68;2520
76;70;580
76;75;2360
76;77;1950
76;78;2410
76;79;1650
76;80;2590
76;81;2490
76;82;1820
76;84;2600
76;85;1670
76;86;640
76;87;2490
76;88;2960
76;89;2020
76;90;2900
76;92;920
76;93;2740
76;96;1640
76;97;710
76;99;1820
77;1;1160
77;4;1530
77;6;1070
77;8;1160
77;10;970
77;11;2600
77;16;2790
77;20;1050
77;25;660
77;29;2110
77;32;850
77;33;1830
77;36;1980
77;47;1780
77;49;880
77;51;2830
77;53;2690
77;55;2500
77;56;810
77;57;2610
77;61;2370
77;63;1180
77;68;2380
77;69;1560
77;70;2180
77;72;1940
77;75;2790
77;76;1950
77;79;1520
77;80;2120
77;84;710
77;85;2990
77;86;1490
77;88;2270
77;92;2340
77;97;2060
77;99;870
78;0;2410
78;2;1270
78;4;2530
78;5;1940
78;7;2310
78;11;2930
78;13;1070
78;14;1990
78;17;1990
78;18;2170
78;21;2860
78;23;1660
78;24;1200
78;26;1330
78;27;1590
78;31;950
78;33;2140
78;34;2110
78;37;1090
78;39;1490
78;40;1000
78;44;630
78;45;1180
78;48;1910
78;51;2210
78;57;1410
78;58;1300
78;59;2890
78;62;2090
78;64;1030
78;68;2770
78;70;1900
78;71;1080
78;73;1990
78;75;2070
78;76;2410
78;82;1100
78;87;530
78;89;740
78;91;1410
78;92;1650
78;93;910
78;96;2230
78;97;2990
78;98;2660
79;0;2290
79;1;550
79;4;1680
79;6;1780
79;8;2520
79;10;830
79;11;1610
79;15;1080
79;18;1890
79;20;2490
79;25;1970
79;28;2930
79;32;670
79;33;2210
79;36;940
79;42;1690
79;43;2130
79;46;2700
79;47;820
79;52;2660
79;53;2290
79;56;800
79;57;2680
79;61;1050
79;63;2570
79;66;2140
79;69;1020
79;70;2190
79;72;2870
79;76;1650
79;84;2190
79;86;1030
79;92;2500
79;96;2780
79;99;700
80;1;2830
80;3;1320
80;4;2090
80;5;1230
80;9;2270
80;12;1670
80;14;2230
80;15;2480
80;16;680
80;17;1420
80;18;2530
80;19;2550
80;20;1130
80;22;1610
80;25;1470
80;27;2400
80;29;460
80;30;1220
80;32;2790
80;41;1320
80;42;1670
80;44;2910
80;49;2140
80;51;1070
80;52;830
80;53;2980
80;54;1330
80;55;400
80;56;2870
80;57;2340
80;59;970
80;62;2210
80;63;970
80;64;2180
80;68;420
80;69;2750
80;70;2280
80;72;830
80;74;1130
80;75;1150
80;76;2590
80;77;2120
80;83;1440
80;84;2010
80;86;2670
80;88;400
80;89;2400
80;92;2110
80;95;1010
80;98;1880
80;99;2890
81;0;1350
81;11;1540
81;18;2520
81;24;2540
81;28;150
81;36;2160
81;38;240
81;39;2240
81;43;1280
81;47;2350
81;53;2150
81;57;2930
81;61;1870
81;69;2590
81;70;2800
81;73;1660
81;76;2490
81;79;2920
81;85;1210
81;86;2670
81;96;1290
81;97;2080
82;0;1380
82;2;400
82;5;2480
82;9;1780
82;11;2000
82;13;2080
82;14;2960
82;17;2100
82;18;1610
82;19;960
82;21;1760
82;23;2660
82;24;570
82;26;2300
82;27;2600
82;28;2270
82;35;1230
82;36;2480
82;37;1690
82;39;680
82;40;1300
82;42;2940
82;43;1590
82;44;700
82;46;2440
82;47;2560
82;48;830
82;50;2010
82;52;2810
82;53;1090
82;57;1200
82;58;2410
82;60;1130
82;61;2710
82;64;1820
82;66;1630
82;69;2420
82;70;1520
82;71;1930
82;72;2680
82;73;940
82;75;2640
82;76;1820
82;78;1100
82;87;830
82;89;1400
82;91;2360
82;93;950
82;96;1140
82;97;2210
83;3;340
83;5;1810
83;7;1550
83;12;500
83;14;1860
83;16;750
83;17;2520
83;20;2510
83;23;2170
83;25;2900
83;30;460
83;34;1830
83;37;2590
83;45;2460
83;51;1480
83;54;340
83;55;1130
83;62;1780
83;63;2360
83;64;2540
83;65;440
83;68;1330
83;72;2030
83;74;440
83;75;1640
83;80;1440
83;88;1290
83;90;1250
83;95;560
83;98;1140
84;1;1880
84;4;2130
84;6;1060
84;8;1110
84;10;1500
84;15;1120
84;16;2630
84;17;2430
84;18;2730
84;25;910
84;29;1850
84;32;1530
84;33;2300
84;36;2690
84;42;1320
84;52;1860
84;55;2420
84;56;1410
84;67;1020
84;69;2260
84;70;2740
84;72;2130
84;75;2920
84;76;2600
84;77;710
84;80;2010
84;88;2040
84;92;2840
84;94;1040
84;97;2770
84;99;1500
85;0;1120
85;1;1830
85;2;2240
85;4;2130
85;10;2540
85;11;660
85;15;2610
85;18;1810
85;19;2790
85;21;1450
85;28;1230
85;32;2240
85;33;2560
85;38;1120
85;39;2030
85;42;2720
85;43;910
85;44;2910
85;48;2040
85;53;1720
85;56;2460
85;57;2480
85;61;660
85;66;870
85;69;1530
85;70;2160
85;73;2160
85;76;1670
85;77;2990
85;79;1710
85;82;2510
85;92;2480
85;97;1040
85;99;2350
86;0;1620
86;1;590
86;2;2050
86;4;690
86;5;2590
86;6;2270
86;8;2020
86;9;2890
86;10;1460
86;11;1130
86;15;1220
86;18;880
86;19;2120
86;20;2080
86;21;2560
86;28;2620
86;32;1010
86;36;610
86;37;2530
86;38;2480
86;39;1770
86;42;1100
86;43;1540
86;44;2430
86;45;2640
86;46;2480
86;47;450
86;48;2530
86;49;2370
86;51;2840
86;52;1870
86;53;1360
86;56;1280
86;57;1650
86;60;2630
86;61;1110
86;63;2100
86;64;2840
86;67;2350
86;68;2710
86;69;80
86;70;1160
86;72;2030
86;73;2720
